A 1 0.325758 0.504464 0.0378788 0.0357143
A 1 0.325758 0.504464 0.0378788 0.0357143
A 1 0.325758 0.504464 0.0378788 0.0357143
B 0 0.523674 0.21875 0.0625 0.0714286
B 0 0.523674 0.21875 0.0625 0.0714286
B 0 0.523674 0.21875 0.0625 0.0714286
A 1 0.325758 0.504464 0.0378788 0.0357143
A 1 0.325758 0.504464 0.0378788 0.0357143
A 1 0.325758 0.504464 0.0378788 0.0357143
B 0 0.523674 0.21875 0.0625 0.0714286
B 0 0.523674 0.21875 0.0625 0.0714286
B 0 0.523674 0.21875 0.0625 0.0714286
A 1 0.325758 0.504464 0.0378788 0.0357143
A 1 0.325758 0.504464 0.0378788 0.0357143
A 1 0.325758 0.504464 0.0378788 0.0357143
B 0 0.523674 0.21875 0.0625 0.0714286
B 0 0.523674 0.21875 0.0625 0.0714286
B 0 0.523674 0.21875 0.0625 0.0714286
