A 1 0.326705 0.504464 0.0359848 0.0357143
A 1 0.326705 0.504464 0.0359848 0.0357143
A 1 0.326705 0.504464 0.0359848 0.0357143
B 0 0.425189 0.158482 0.0587121 0.0669643
B 0 0.425189 0.158482 0.0587121 0.0669643
B 0 0.425189 0.158482 0.0587121 0.0669643
A 1 0.326705 0.504464 0.0359848 0.0357143
A 1 0.326705 0.504464 0.0359848 0.0357143
A 1 0.326705 0.504464 0.0359848 0.0357143
B 0 0.425189 0.158482 0.0587121 0.0669643
B 0 0.425189 0.158482 0.0587121 0.0669643
B 0 0.425189 0.158482 0.0587121 0.0669643
A 1 0.326705 0.504464 0.0359848 0.0357143
A 1 0.326705 0.504464 0.0359848 0.0357143
A 1 0.326705 0.504464 0.0359848 0.0357143
B 0 0.425189 0.158482 0.0587121 0.0669643
B 0 0.425189 0.158482 0.0587121 0.0669643
B 0 0.425189 0.158482 0.0587121 0.0669643
